id,name,model_id:id,group_id:id,perm_read,perm_write,perm_create,perm_unlink
access_estate_account_estate_account,estate_account.estate_account,model_estate_account_estate_account,base.group_user,1,1,1,1